111111110111111111011111111110111111111110111111111111111111111101111111111111011111111111111111111111111111111111111111111111111111111111111111111
        0         0          0           0                      0             0  
        0         0          0           0                      0             0
        0         0          0           0                      0             0
        0                                0                      0
                                         0           0          0
                                         0           0          0
               0                         0           0          0
               0                         0           0                          
               0             0           0           0                        0
               0             0                       0                        0
               0             0                       0                        0
               0             0                       0          0             0
               0             0                       0          0             0
111111111111111011111111111110111111111110111111111110111111111101111111111111011111111111111111111111111111111111111111111111111111111111111111111